service_id,date,exception_type
Nb,20141214,1
3,20141214,1
0,20141215,1
Ss,20141215,1
Na,20141215,1
Su,20141215,1
0,20141216,1
Ss,20141216,1
Na,20141216,1
Su,20141216,1
0,20141217,1
Ss,20141217,1
Na,20141217,1
Su,20141217,1
0,20141218,1
Ss,20141218,1
Na,20141218,1
Su,20141218,1
0,20141219,1
Ss,20141219,1
Na,20141219,1
Su,20141219,1
Fa,20141219,1
Yr,20141219,1
2,20141220,1
Nb,20141221,1
3,20141221,1
0,20141222,1
Na,20141222,1
Su,20141222,1
Sf,20141222,1
0,20141223,1
Na,20141223,1
Su,20141223,1
Sf,20141223,1
Yt,20141224,1
3,20141225,1
Ys,20141225,1
3,20141226,1
Ys,20141226,1
2,20141227,1
Nb,20141228,1
3,20141228,1
0,20141229,1
Na,20141229,1
Sf,20141229,1
0,20141230,1
Na,20141230,1
Sf,20141230,1
2,20141231,1
Yu,20141231,1
Nb,20150101,1
3,20150101,1
0,20150102,1
Na,20150102,1
Sf,20150102,1
Fa,20150102,1
Yr,20150102,1
2,20150103,1
Nb,20150104,1
3,20150104,1
0,20150105,1
Na,20150105,1
Sf,20150105,1
Fa,20150105,1
Fb,20150105,1
Yr,20150105,1
Nb,20150106,1
3,20150106,1
0,20150107,1
Ss,20150107,1
Na,20150107,1
Su,20150107,1
0,20150108,1
Ss,20150108,1
Na,20150108,1
Su,20150108,1
0,20150109,1
Ss,20150109,1
Na,20150109,1
Su,20150109,1
Fa,20150109,1
Yr,20150109,1
2,20150110,1
Nb,20150111,1
3,20150111,1
0,20150112,1
Ss,20150112,1
Na,20150112,1
Su,20150112,1
0,20150113,1
Ss,20150113,1
Na,20150113,1
Su,20150113,1
0,20150114,1
Ss,20150114,1
Na,20150114,1
Su,20150114,1
0,20150115,1
Ss,20150115,1
Na,20150115,1
Su,20150115,1
0,20150116,1
Ss,20150116,1
Na,20150116,1
Su,20150116,1
Fa,20150116,1
Yr,20150116,1
2,20150117,1
Nb,20150118,1
3,20150118,1
0,20150119,1
Ss,20150119,1
Na,20150119,1
Su,20150119,1
0,20150120,1
Ss,20150120,1
Na,20150120,1
Su,20150120,1
0,20150121,1
Ss,20150121,1
Na,20150121,1
Su,20150121,1
0,20150122,1
Ss,20150122,1
Na,20150122,1
Su,20150122,1
0,20150123,1
Ss,20150123,1
Na,20150123,1
Su,20150123,1
Fa,20150123,1
Yr,20150123,1
2,20150124,1
Nb,20150125,1
3,20150125,1
0,20150126,1
Ss,20150126,1
Na,20150126,1
Su,20150126,1
0,20150127,1
Ss,20150127,1
Na,20150127,1
Su,20150127,1
0,20150128,1
Ss,20150128,1
Na,20150128,1
Su,20150128,1
0,20150129,1
Ss,20150129,1
Na,20150129,1
Su,20150129,1
0,20150130,1
Ss,20150130,1
Na,20150130,1
Su,20150130,1
Fa,20150130,1
Yr,20150130,1
2,20150131,1
Nb,20150201,1
3,20150201,1
0,20150202,1
Ss,20150202,1
Na,20150202,1
Su,20150202,1
0,20150203,1
Ss,20150203,1
Na,20150203,1
Su,20150203,1
0,20150204,1
Ss,20150204,1
Na,20150204,1
Su,20150204,1
0,20150205,1
Ss,20150205,1
Na,20150205,1
Su,20150205,1
0,20150206,1
Ss,20150206,1
Na,20150206,1
Su,20150206,1
Fa,20150206,1
Yr,20150206,1
2,20150207,1
Nb,20150208,1
3,20150208,1
0,20150209,1
Ss,20150209,1
Na,20150209,1
Su,20150209,1
0,20150210,1
Ss,20150210,1
Na,20150210,1
Su,20150210,1
0,20150211,1
Ss,20150211,1
Na,20150211,1
Su,20150211,1
0,20150212,1
Ss,20150212,1
Na,20150212,1
Su,20150212,1
0,20150213,1
Ss,20150213,1
Na,20150213,1
Su,20150213,1
Fa,20150213,1
Yr,20150213,1
2,20150214,1
Nb,20150215,1
3,20150215,1
0,20150216,1
Na,20150216,1
Sf,20150216,1
0,20150217,1
Na,20150217,1
Sf,20150217,1
0,20150218,1
Na,20150218,1
Sf,20150218,1
0,20150219,1
Na,20150219,1
Sf,20150219,1
0,20150220,1
Na,20150220,1
Sf,20150220,1
Fa,20150220,1
Yr,20150220,1
2,20150221,1
Nb,20150222,1
3,20150222,1
0,20150223,1
Ss,20150223,1
Na,20150223,1
0,20150224,1
Ss,20150224,1
Na,20150224,1
0,20150225,1
Ss,20150225,1
Na,20150225,1
0,20150226,1
Ss,20150226,1
Na,20150226,1
0,20150227,1
Ss,20150227,1
Na,20150227,1
Fa,20150227,1
Yr,20150227,1
2,20150228,1
Nb,20150301,1
3,20150301,1
0,20150302,1
Ss,20150302,1
Na,20150302,1
0,20150303,1
Ss,20150303,1
Na,20150303,1
0,20150304,1
Ss,20150304,1
Na,20150304,1
0,20150305,1
Ss,20150305,1
Na,20150305,1
0,20150306,1
Ss,20150306,1
Na,20150306,1
Fa,20150306,1
Yr,20150306,1
2,20150307,1
Nb,20150308,1
3,20150308,1
0,20150309,1
Ss,20150309,1
Na,20150309,1
0,20150310,1
Ss,20150310,1
Na,20150310,1
0,20150311,1
Ss,20150311,1
Na,20150311,1
0,20150312,1
Ss,20150312,1
Na,20150312,1
0,20150313,1
Ss,20150313,1
Na,20150313,1
Fa,20150313,1
Yr,20150313,1
2,20150314,1
Nb,20150315,1
3,20150315,1
0,20150316,1
Ss,20150316,1
Na,20150316,1
0,20150317,1
Ss,20150317,1
Na,20150317,1
0,20150318,1
Ss,20150318,1
Na,20150318,1
0,20150319,1
Ss,20150319,1
Na,20150319,1
0,20150320,1
Ss,20150320,1
Na,20150320,1
Fa,20150320,1
Yr,20150320,1
2,20150321,1
Nb,20150322,1
3,20150322,1
0,20150323,1
Ss,20150323,1
Na,20150323,1
0,20150324,1
Ss,20150324,1
Na,20150324,1
0,20150325,1
Ss,20150325,1
Na,20150325,1
0,20150326,1
Ss,20150326,1
Na,20150326,1
0,20150327,1
Ss,20150327,1
Na,20150327,1
Fa,20150327,1
Yr,20150327,1
2,20150328,1
Nb,20150329,1
3,20150329,1
0,20150330,1
Na,20150330,1
Sf,20150330,1
0,20150331,1
Na,20150331,1
Sf,20150331,1
0,20150401,1
Na,20150401,1
Sf,20150401,1
0,20150402,1
Na,20150402,1
Sf,20150402,1
Fa,20150402,1
Fb,20150402,1
Yr,20150402,1
3,20150403,1
Ys,20150403,1
2,20150404,1
3,20150405,1
Ys,20150405,1
Nb,20150406,1
3,20150406,1
0,20150407,1
Na,20150407,1
Sf,20150407,1
0,20150408,1
Na,20150408,1
Sf,20150408,1
0,20150409,1
Na,20150409,1
Sf,20150409,1
0,20150410,1
Na,20150410,1
Sf,20150410,1
Fa,20150410,1
Yr,20150410,1
2,20150411,1
Nb,20150412,1
3,20150412,1
0,20150413,1
Ss,20150413,1
Na,20150413,1
Su,20150413,1
0,20150414,1
Ss,20150414,1
Na,20150414,1
Su,20150414,1
0,20150415,1
Ss,20150415,1
Na,20150415,1
Su,20150415,1
0,20150416,1
Ss,20150416,1
Na,20150416,1
Su,20150416,1
0,20150417,1
Ss,20150417,1
Na,20150417,1
Su,20150417,1
Fa,20150417,1
Yr,20150417,1
2,20150418,1
Nb,20150419,1
3,20150419,1
0,20150420,1
Ss,20150420,1
Na,20150420,1
Su,20150420,1
0,20150421,1
Ss,20150421,1
Na,20150421,1
Su,20150421,1
0,20150422,1
Ss,20150422,1
Na,20150422,1
Su,20150422,1
0,20150423,1
Ss,20150423,1
Na,20150423,1
Su,20150423,1
0,20150424,1
Ss,20150424,1
Na,20150424,1
Su,20150424,1
Fa,20150424,1
Yr,20150424,1
2,20150425,1
Nb,20150426,1
3,20150426,1
0,20150427,1
Ss,20150427,1
Na,20150427,1
Su,20150427,1
0,20150428,1
Ss,20150428,1
Na,20150428,1
Su,20150428,1
0,20150429,1
Ss,20150429,1
Na,20150429,1
Su,20150429,1
0,20150430,1
Ss,20150430,1
Na,20150430,1
Su,20150430,1
Fa,20150430,1
Fb,20150430,1
Yr,20150430,1
3,20150501,1
Ys,20150501,1
2,20150502,1
Nb,20150503,1
3,20150503,1
0,20150504,1
Ss,20150504,1
Na,20150504,1
Su,20150504,1
0,20150505,1
Ss,20150505,1
Na,20150505,1
Su,20150505,1
0,20150506,1
Ss,20150506,1
Na,20150506,1
Su,20150506,1
0,20150507,1
Ss,20150507,1
Na,20150507,1
Su,20150507,1
0,20150508,1
Ss,20150508,1
Na,20150508,1
Su,20150508,1
Fa,20150508,1
Yr,20150508,1
2,20150509,1
Nb,20150510,1
3,20150510,1
0,20150511,1
Ss,20150511,1
Na,20150511,1
Su,20150511,1
0,20150512,1
Ss,20150512,1
Na,20150512,1
Su,20150512,1
0,20150513,1
Ss,20150513,1
Na,20150513,1
Su,20150513,1
Fa,20150513,1
Fb,20150513,1
Yr,20150513,1
Nb,20150514,1
3,20150514,1
0,20150515,1
Na,20150515,1
Su,20150515,1
Sf,20150515,1
Fa,20150515,1
Yr,20150515,1
2,20150516,1
Nb,20150517,1
3,20150517,1
0,20150518,1
Ss,20150518,1
Na,20150518,1
Su,20150518,1
0,20150519,1
Ss,20150519,1
Na,20150519,1
Su,20150519,1
0,20150520,1
Ss,20150520,1
Na,20150520,1
Su,20150520,1
0,20150521,1
Ss,20150521,1
Na,20150521,1
Su,20150521,1
0,20150522,1
Ss,20150522,1
Na,20150522,1
Su,20150522,1
Fa,20150522,1
Yr,20150522,1
2,20150523,1
3,20150524,1
Ys,20150524,1
Nb,20150525,1
3,20150525,1
0,20150526,1
Na,20150526,1
Su,20150526,1
Sf,20150526,1
0,20150527,1
Na,20150527,1
Su,20150527,1
Sf,20150527,1
0,20150528,1
Na,20150528,1
Su,20150528,1
Sf,20150528,1
0,20150529,1
Na,20150529,1
Su,20150529,1
Sf,20150529,1
Fa,20150529,1
Yr,20150529,1
2,20150530,1
Nb,20150531,1
3,20150531,1
0,20150601,1
Na,20150601,1
Su,20150601,1
Sf,20150601,1
0,20150602,1
Na,20150602,1
Su,20150602,1
Sf,20150602,1
0,20150603,1
Na,20150603,1
Su,20150603,1
Sf,20150603,1
Fa,20150603,1
Fb,20150603,1
Yr,20150603,1
Nb,20150604,1
3,20150604,1
0,20150605,1
Na,20150605,1
Su,20150605,1
Sf,20150605,1
Fa,20150605,1
Yr,20150605,1
2,20150606,1
Nb,20150607,1
3,20150607,1
0,20150608,1
Ss,20150608,1
Na,20150608,1
Su,20150608,1
0,20150609,1
Ss,20150609,1
Na,20150609,1
Su,20150609,1
0,20150610,1
Ss,20150610,1
Na,20150610,1
Su,20150610,1
0,20150611,1
Ss,20150611,1
Na,20150611,1
Su,20150611,1
0,20150612,1
Ss,20150612,1
Na,20150612,1
Su,20150612,1
Fa,20150612,1
Yr,20150612,1
2,20150613,1
Nb,20150614,1
3,20150614,1
0,20150615,1
Ss,20150615,1
Na,20150615,1
Su,20150615,1
0,20150616,1
Ss,20150616,1
Na,20150616,1
Su,20150616,1
0,20150617,1
Ss,20150617,1
Na,20150617,1
Su,20150617,1
0,20150618,1
Ss,20150618,1
Na,20150618,1
Su,20150618,1
0,20150619,1
Ss,20150619,1
Na,20150619,1
Su,20150619,1
Fa,20150619,1
Yr,20150619,1
2,20150620,1
Nb,20150621,1
3,20150621,1
0,20150622,1
Ss,20150622,1
Na,20150622,1
Su,20150622,1
0,20150623,1
Ss,20150623,1
Na,20150623,1
Su,20150623,1
0,20150624,1
Ss,20150624,1
Na,20150624,1
Su,20150624,1
0,20150625,1
Ss,20150625,1
Na,20150625,1
Su,20150625,1
0,20150626,1
Ss,20150626,1
Na,20150626,1
Su,20150626,1
Fa,20150626,1
Yr,20150626,1
2,20150627,1
Nb,20150628,1
3,20150628,1
0,20150629,1
Ss,20150629,1
Na,20150629,1
Su,20150629,1
0,20150630,1
Ss,20150630,1
Na,20150630,1
Su,20150630,1
0,20150701,1
Ss,20150701,1
Na,20150701,1
Su,20150701,1
0,20150702,1
Ss,20150702,1
Na,20150702,1
Su,20150702,1
0,20150703,1
Ss,20150703,1
Na,20150703,1
Su,20150703,1
Fa,20150703,1
Yr,20150703,1
2,20150704,1
Nb,20150705,1
3,20150705,1
0,20150706,1
Ss,20150706,1
Na,20150706,1
Su,20150706,1
0,20150707,1
Ss,20150707,1
Na,20150707,1
Su,20150707,1
0,20150708,1
Ss,20150708,1
Na,20150708,1
Su,20150708,1
0,20150709,1
Ss,20150709,1
Na,20150709,1
Su,20150709,1
0,20150710,1
Ss,20150710,1
Na,20150710,1
Su,20150710,1
Fa,20150710,1
Yr,20150710,1
2,20150711,1
Nb,20150712,1
3,20150712,1
0,20150713,1
Ss,20150713,1
Na,20150713,1
Su,20150713,1
0,20150714,1
Ss,20150714,1
Na,20150714,1
Su,20150714,1
0,20150715,1
Ss,20150715,1
Na,20150715,1
Su,20150715,1
0,20150716,1
Ss,20150716,1
Na,20150716,1
Su,20150716,1
0,20150717,1
Ss,20150717,1
Na,20150717,1
Su,20150717,1
Fa,20150717,1
Yr,20150717,1
2,20150718,1
Nb,20150719,1
3,20150719,1
0,20150721,1
Ss,20150721,1
Na,20150721,1
0,20150722,1
Ss,20150722,1
Na,20150722,1
0,20150723,1
Ss,20150723,1
Na,20150723,1
0,20150724,1
Ss,20150724,1
Na,20150724,1
Fa,20150724,1
Yr,20150724,1
2,20150725,1
Nb,20150726,1
3,20150726,1
0,20150727,1
Ss,20150727,1
Na,20150727,1
0,20150728,1
Ss,20150728,1
Na,20150728,1
0,20150729,1
Ss,20150729,1
Na,20150729,1
0,20150730,1
Na,20150730,1
Sf,20150730,1
0,20150731,1
Na,20150731,1
Sf,20150731,1
Fa,20150731,1
Yr,20150731,1
2,20150801,1
Nb,20150802,1
3,20150802,1
0,20150803,1
Na,20150803,1
Sf,20150803,1
0,20150804,1
Na,20150804,1
Sf,20150804,1
0,20150805,1
Na,20150805,1
Sf,20150805,1
0,20150806,1
Na,20150806,1
Sf,20150806,1
0,20150807,1
Na,20150807,1
Sf,20150807,1
Fa,20150807,1
Yr,20150807,1
2,20150808,1
Nb,20150809,1
3,20150809,1
0,20150810,1
Na,20150810,1
Sf,20150810,1
0,20150811,1
Na,20150811,1
Sf,20150811,1
0,20150812,1
Na,20150812,1
Sf,20150812,1
0,20150813,1
Na,20150813,1
Sf,20150813,1
0,20150814,1
Na,20150814,1
Sf,20150814,1
Fa,20150814,1
Yr,20150814,1
2,20150815,1
Nb,20150816,1
3,20150816,1
0,20150817,1
Na,20150817,1
Sf,20150817,1
0,20150818,1
Na,20150818,1
Sf,20150818,1
0,20150819,1
Na,20150819,1
Sf,20150819,1
0,20150820,1
Na,20150820,1
Sf,20150820,1
0,20150821,1
Na,20150821,1
Sf,20150821,1
Fa,20150821,1
Yr,20150821,1
2,20150822,1
Nb,20150823,1
3,20150823,1
0,20150824,1
Na,20150824,1
Sf,20150824,1
0,20150825,1
Na,20150825,1
Sf,20150825,1
0,20150826,1
Na,20150826,1
Sf,20150826,1
0,20150827,1
Na,20150827,1
Sf,20150827,1
0,20150828,1
Na,20150828,1
Sf,20150828,1
Fa,20150828,1
Yr,20150828,1
2,20150829,1
Nb,20150830,1
3,20150830,1
0,20150831,1
Na,20150831,1
Sf,20150831,1
0,20150901,1
Na,20150901,1
Sf,20150901,1
0,20150902,1
Na,20150902,1
Sf,20150902,1
0,20150903,1
Na,20150903,1
Sf,20150903,1
0,20150904,1
Na,20150904,1
Sf,20150904,1
Fa,20150904,1
Yr,20150904,1
2,20150905,1
Nb,20150906,1
3,20150906,1
0,20150907,1
Na,20150907,1
Sf,20150907,1
0,20150908,1
Na,20150908,1
Sf,20150908,1
0,20150909,1
Na,20150909,1
Sf,20150909,1
0,20150910,1
Na,20150910,1
Sf,20150910,1
0,20150911,1
Na,20150911,1
Sf,20150911,1
Fa,20150911,1
Yr,20150911,1
2,20150912,1
Nb,20150913,1
3,20150913,1
0,20150914,1
Ss,20150914,1
Na,20150914,1
0,20150915,1
Ss,20150915,1
Na,20150915,1
0,20150916,1
Ss,20150916,1
Na,20150916,1
0,20150917,1
Ss,20150917,1
Na,20150917,1
0,20150918,1
Ss,20150918,1
Na,20150918,1
Fa,20150918,1
Yr,20150918,1
2,20150919,1
Nb,20150920,1
3,20150920,1
0,20150921,1
Ss,20150921,1
Na,20150921,1
0,20150922,1
Ss,20150922,1
Na,20150922,1
0,20150923,1
Ss,20150923,1
Na,20150923,1
0,20150924,1
Ss,20150924,1
Na,20150924,1
0,20150925,1
Ss,20150925,1
Na,20150925,1
Fa,20150925,1
Yr,20150925,1
2,20150926,1
Nb,20150927,1
3,20150927,1
0,20150928,1
Ss,20150928,1
Na,20150928,1
0,20150929,1
Ss,20150929,1
Na,20150929,1
0,20150930,1
Ss,20150930,1
Na,20150930,1
0,20151001,1
Ss,20151001,1
Na,20151001,1
0,20151002,1
Ss,20151002,1
Na,20151002,1
Fa,20151002,1
Yr,20151002,1
3,20151003,1
Ys,20151003,1
Nb,20151004,1
3,20151004,1
0,20151005,1
Ss,20151005,1
Na,20151005,1
0,20151006,1
Ss,20151006,1
Na,20151006,1
0,20151007,1
Ss,20151007,1
Na,20151007,1
0,20151008,1
Ss,20151008,1
Na,20151008,1
0,20151009,1
Ss,20151009,1
Na,20151009,1
Fa,20151009,1
Yr,20151009,1
2,20151010,1
Nb,20151011,1
3,20151011,1
0,20151012,1
Ss,20151012,1
Na,20151012,1
Su,20151012,1
0,20151013,1
Ss,20151013,1
Na,20151013,1
Su,20151013,1
0,20151014,1
Ss,20151014,1
Na,20151014,1
Su,20151014,1
0,20151015,1
Ss,20151015,1
Na,20151015,1
Su,20151015,1
0,20151016,1
Ss,20151016,1
Na,20151016,1
Su,20151016,1
Fa,20151016,1
Yr,20151016,1
2,20151017,1
Nb,20151018,1
3,20151018,1
0,20151019,1
Ss,20151019,1
Na,20151019,1
Su,20151019,1
0,20151020,1
Ss,20151020,1
Na,20151020,1
Su,20151020,1
0,20151021,1
Ss,20151021,1
Na,20151021,1
Su,20151021,1
0,20151022,1
Ss,20151022,1
Na,20151022,1
Su,20151022,1
0,20151023,1
Ss,20151023,1
Na,20151023,1
Su,20151023,1
Fa,20151023,1
Yr,20151023,1
2,20151024,1
Nb,20151025,1
3,20151025,1
0,20151026,1
Ss,20151026,1
Na,20151026,1
Su,20151026,1
0,20151027,1
Ss,20151027,1
Na,20151027,1
Su,20151027,1
0,20151028,1
Ss,20151028,1
Na,20151028,1
Su,20151028,1
0,20151029,1
Ss,20151029,1
Na,20151029,1
Su,20151029,1
0,20151030,1
Ss,20151030,1
Na,20151030,1
Su,20151030,1
Fa,20151030,1
Yr,20151030,1
2,20151031,1
Nb,20151101,1
3,20151101,1
0,20151102,1
Na,20151102,1
Su,20151102,1
Sf,20151102,1
0,20151103,1
Na,20151103,1
Su,20151103,1
Sf,20151103,1
0,20151104,1
Na,20151104,1
Su,20151104,1
Sf,20151104,1
0,20151105,1
Na,20151105,1
Su,20151105,1
Sf,20151105,1
0,20151106,1
Na,20151106,1
Su,20151106,1
Sf,20151106,1
Fa,20151106,1
Yr,20151106,1
2,20151107,1
Nb,20151108,1
3,20151108,1
0,20151109,1
Ss,20151109,1
Na,20151109,1
Su,20151109,1
0,20151110,1
Ss,20151110,1
Na,20151110,1
Su,20151110,1
0,20151111,1
Ss,20151111,1
Na,20151111,1
Su,20151111,1
0,20151112,1
Ss,20151112,1
Na,20151112,1
Su,20151112,1
0,20151113,1
Ss,20151113,1
Na,20151113,1
Su,20151113,1
Fa,20151113,1
Yr,20151113,1
2,20151114,1
Nb,20151115,1
3,20151115,1
0,20151116,1
Ss,20151116,1
Na,20151116,1
Su,20151116,1
0,20151117,1
Ss,20151117,1
Na,20151117,1
Su,20151117,1
0,20151118,1
Ss,20151118,1
Na,20151118,1
Su,20151118,1
0,20151119,1
Ss,20151119,1
Na,20151119,1
Su,20151119,1
0,20151120,1
Ss,20151120,1
Na,20151120,1
Su,20151120,1
Fa,20151120,1
Yr,20151120,1
2,20151121,1
Nb,20151122,1
3,20151122,1
0,20151123,1
Ss,20151123,1
Na,20151123,1
Su,20151123,1
0,20151124,1
Ss,20151124,1
Na,20151124,1
Su,20151124,1
0,20151125,1
Ss,20151125,1
Na,20151125,1
Su,20151125,1
0,20151126,1
Ss,20151126,1
Na,20151126,1
Su,20151126,1
0,20151127,1
Ss,20151127,1
Na,20151127,1
Su,20151127,1
Fa,20151127,1
Yr,20151127,1
2,20151128,1
Nb,20151129,1
3,20151129,1
0,20151130,1
Ss,20151130,1
Na,20151130,1
Su,20151130,1
0,20151201,1
Ss,20151201,1
Na,20151201,1
Su,20151201,1
0,20151202,1
Ss,20151202,1
Na,20151202,1
Su,20151202,1
0,20151203,1
Ss,20151203,1
Na,20151203,1
Su,20151203,1
0,20151204,1
Ss,20151204,1
Na,20151204,1
Su,20151204,1
Fa,20151204,1
Yr,20151204,1
2,20151205,1
Nb,20151206,1
3,20151206,1
0,20151207,1
Ss,20151207,1
Na,20151207,1
Su,20151207,1
0,20151208,1
Ss,20151208,1
Na,20151208,1
Su,20151208,1
0,20151209,1
Ss,20151209,1
Na,20151209,1
Su,20151209,1
0,20151210,1
Ss,20151210,1
Na,20151210,1
Su,20151210,1
0,20151211,1
Ss,20151211,1
Na,20151211,1
Su,20151211,1
Fa,20151211,1
Yr,20151211,1
2,20151212,1
Nb,20151213,1
3,20151213,1
0,20151214,1
Ss,20151214,1
Na,20151214,1
Su,20151214,1
0,20151215,1
Ss,20151215,1
Na,20151215,1
Su,20151215,1
0,20151216,1
Ss,20151216,1
Na,20151216,1
Su,20151216,1
0,20151217,1
Ss,20151217,1
Na,20151217,1
Su,20151217,1
0,20151218,1
Ss,20151218,1
Na,20151218,1
Su,20151218,1
Fa,20151218,1
Yr,20151218,1
2,20151219,1
Nb,20151220,1
3,20151220,1
0,20151221,1
Ss,20151221,1
Na,20151221,1
Su,20151221,1
0,20151222,1
Ss,20151222,1
Na,20151222,1
Su,20151222,1
0,20151223,1
Na,20151223,1
Su,20151223,1
Sf,20151223,1
2,20151224,1
Yt,20151224,1
3,20151225,1
Ys,20151225,1
3,20151226,1
Ys,20151226,1
Nb,20151227,1
3,20151227,1
0,20151228,1
Na,20151228,1
Sf,20151228,1
0,20151229,1
Na,20151229,1
Sf,20151229,1
0,20151230,1
Na,20151230,1
Sf,20151230,1
2,20151231,1
Yu,20151231,1
3,20160101,1
Ys,20160101,1
2,20160102,1
Nb,20160103,1
3,20160103,1
0,20160104,1
Na,20160104,1
Sf,20160104,1
0,20160105,1
Na,20160105,1
Sf,20160105,1
Fa,20160105,1
Fb,20160105,1
Yr,20160105,1
Nb,20160106,1
3,20160106,1
0,20160107,1
Ss,20160107,1
Na,20160107,1
Su,20160107,1
0,20160108,1
Ss,20160108,1
Na,20160108,1
Su,20160108,1
Fa,20160108,1
Yr,20160108,1
2,20160109,1
Nb,20160110,1
3,20160110,1
0,20160111,1
Ss,20160111,1
Na,20160111,1
Su,20160111,1
0,20160112,1
Ss,20160112,1
Na,20160112,1
Su,20160112,1
0,20160113,1
Ss,20160113,1
Na,20160113,1
Su,20160113,1
0,20160114,1
Ss,20160114,1
Na,20160114,1
Su,20160114,1
0,20160115,1
Ss,20160115,1
Na,20160115,1
Su,20160115,1
Fa,20160115,1
Yr,20160115,1
2,20160116,1
Nb,20160117,1
3,20160117,1
0,20160118,1
Ss,20160118,1
Na,20160118,1
Su,20160118,1
0,20160119,1
Ss,20160119,1
Na,20160119,1
Su,20160119,1
0,20160120,1
Ss,20160120,1
Na,20160120,1
Su,20160120,1
0,20160121,1
Ss,20160121,1
Na,20160121,1
Su,20160121,1
0,20160122,1
Ss,20160122,1
Na,20160122,1
Su,20160122,1
Fa,20160122,1
Yr,20160122,1
2,20160123,1
Nb,20160124,1
3,20160124,1
0,20160125,1
Ss,20160125,1
Na,20160125,1
Su,20160125,1
0,20160126,1
Ss,20160126,1
Na,20160126,1
Su,20160126,1
0,20160127,1
Ss,20160127,1
Na,20160127,1
Su,20160127,1
0,20160128,1
Ss,20160128,1
Na,20160128,1
Su,20160128,1
0,20160129,1
Ss,20160129,1
Na,20160129,1
Su,20160129,1
Fa,20160129,1
Yr,20160129,1
2,20160130,1
Nb,20160131,1
3,20160131,1
0,20160201,1
Ss,20160201,1
Na,20160201,1
Su,20160201,1
0,20160202,1
Ss,20160202,1
Na,20160202,1
Su,20160202,1
0,20160203,1
Ss,20160203,1
Na,20160203,1
Su,20160203,1
0,20160204,1
Ss,20160204,1
Na,20160204,1
Su,20160204,1
0,20160205,1
Ss,20160205,1
Na,20160205,1
Su,20160205,1
Fa,20160205,1
Yr,20160205,1
2,20160206,1
Nb,20160207,1
3,20160207,1
0,20160208,1
Na,20160208,1
Su,20160208,1
Sf,20160208,1
0,20160209,1
Na,20160209,1
Su,20160209,1
Sf,20160209,1
0,20160210,1
Na,20160210,1
Su,20160210,1
Sf,20160210,1
0,20160211,1
Na,20160211,1
Su,20160211,1
Sf,20160211,1
0,20160212,1
Na,20160212,1
Su,20160212,1
Sf,20160212,1
Fa,20160212,1
Yr,20160212,1
2,20160213,1
Nb,20160214,1
3,20160214,1
0,20160215,1
Ss,20160215,1
Na,20160215,1
0,20160216,1
Ss,20160216,1
Na,20160216,1
0,20160217,1
Ss,20160217,1
Na,20160217,1
0,20160218,1
Ss,20160218,1
Na,20160218,1
0,20160219,1
Ss,20160219,1
Na,20160219,1
Fa,20160219,1
Yr,20160219,1
2,20160220,1
Nb,20160221,1
3,20160221,1
0,20160222,1
Ss,20160222,1
Na,20160222,1
0,20160223,1
Ss,20160223,1
Na,20160223,1
0,20160224,1
Ss,20160224,1
Na,20160224,1
0,20160225,1
Ss,20160225,1
Na,20160225,1
0,20160226,1
Ss,20160226,1
Na,20160226,1
Fa,20160226,1
Yr,20160226,1
2,20160227,1
Nb,20160228,1
3,20160228,1
0,20160229,1
Ss,20160229,1
Na,20160229,1
